import java.util.Arrays;

public class Quicksort {
	
	public static void swap(int [] array, int left, int right){
		   int temp =0;
		   temp= array[right];
		   array[right]= array[left];
		   array[left]= temp;
		  }
	
	static int[] quicksort(int[]a,int low,int high) {
		 if(low<high) {
			int loc=partition(a,low,high);
			quicksort(a,low,loc-1);
			quicksort(a,loc+1,high);
			}
		
		return a;
		
	}
	
	static int partition(int[]a,int low,int high) {
		int p=a[low];
		int m=low;
		for(int i=low+1;i<=high;i++) {
			if (a[i] < p) {
				m++;
				swap(a,i,m);
			}
			else {
				
			}
		}
		swap(a,low, m);
		return m;	
					}
	public static void main(String[] args) {
		int x[]={5248, 9049, 9471, 6819, 6786, 7608, 6260, 5199, 9391, 2734, 438, 6077, 6738, 6244, 5048, 4598, 7310, 2585, 7148, 8072, 9368, 1415, 1696, 4081, 7395, 6507, 2511, 2985, 5652, 4610, 9954, 8361, 8865, 1847, 6049, 4966, 9443, 9827, 350, 7943, 2728, 9561, 2774, 7190, 979, 5148, 8417, 934, 7680, 6063, 7097, 5232, 2144, 3751, 5278, 9620, 2518, 3629, 4787, 5563, 8540, 7653, 1675, 5971, 4377, 3612, 4087, 7112, 3081, 8981, 195, 9813, 4854, 8836, 2203, 5644, 7657, 9565, 1155, 5553, 3420, 4517, 4856, 7569, 776, 9185, 6751, 972, 913, 4882, 5083, 1595, 5285, 7801, 3421, 3506, 3240, 5347, 3862, 4269, 3137, 3840, 9975, 7962, 9029, 7878, 1085, 8781, 7974, 1942, 6615, 6837, 9181, 5914, 6290, 1850, 6747, 1654, 9709, 245, 8100, 9543, 4382, 2265, 8628, 6446, 185, 1917, 9403, 7086, 2207, 7243, 634, 4659, 8534, 8588, 4512, 6276, 8025, 4881, 5160, 1449, 9884, 9912, 5560, 1834, 8658, 8152, 9282, 6432, 3422, 2081, 8831, 586, 9930, 7523, 3065, 9446, 6277, 2713, 2517, 2964, 9767, 8593, 7777, 851, 8882, 1822, 8930, 2411, 5941, 2874, 1875, 2904, 5010, 2431, 7209, 1117, 6858, 2293, 9532, 3732, 9863, 4308, 7195, 3017, 4498, 9588, 8135, 2555, 2111, 599, 9751, 3790, 7053, 664, 6574, 4960, 8054, 8036, 6810, 64, 2425, 558, 3384, 1463, 1171, 3494, 3538, 2033, 7865, 1138, 7717, 7879, 9819, 1410, 6358, 3451, 2480, 9020, 5864, 4576, 3493, 3330, 4041, 2921, 3864, 2190, 2808, 4588, 1002, 1427, 7932, 4461, 3504, 4275, 9219, 9696, 7116, 140, 7411, 4166, 7252, 5987, 8666, 7329, 7660, 6839, 1307, 5438, 7408, 6961, 4697, 5943, 5430, 641, 3915, 4267, 8789, 399, 9273, 6568, 7537, 1046, 1767, 8597, 2022, 7979, 8141, 810, 8609, 9669, 9414, 3358, 879, 3615, 5135, 8877, 2067, 4247, 2635, 9733, 1196, 6295, 2669, 4074, 9648, 7078, 698, 7723, 7118, 9626, 848, 8077, 5626, 690, 9400, 3845, 9397, 3564, 1152, 74, 7023, 855, 6854, 5648, 1205, 1993, 3314, 4045, 4720, 2620, 8282, 3491, 9989, 6931, 4044, 7010, 4788, 111, 1634, 8450, 190, 6291, 1236, 7188, 5379, 4173, 7584, 2263, 5443, 8574, 3963, 9715, 9046, 9657, 8811, 2963, 3912, 1694, 3637, 9761, 6547, 6127, 9196, 1354, 1240, 8324, 4843, 8212, 5306, 7841, 9703, 6356, 9147, 5942, 2675, 1148, 8498, 1579, 6159, 674, 6613, 7848, 1302, 7012, 1379, 620, 7598, 3021, 2167, 5697, 595, 162, 2699, 5572, 9341, 6883, 2624, 5223, 2587, 281, 2059, 8354, 5903, 8709, 1245, 5391, 294, 6008, 2490, 8611, 3073, 7256, 749, 2138, 1121, 7495, 9027, 8513, 5411, 8725, 7700, 2559, 8314, 205, 9568, 230, 821, 6256, 9425, 2920, 8514, 9821, 563, 6157, 8118, 8422, 8633, 5867, 7696, 4866, 7262, 5848, 7742, 6860, 4563, 4332, 9026, 7317, 8908, 891, 4407, 6588, 5865, 7614, 3402, 1023, 4985, 2878, 448, 5406, 4945, 2035, 9021, 2686, 5950, 8591, 5180, 4181, 4682, 8522, 1071, 7379, 876, 4367, 1337, 9253, 7702, 1084, 8190, 1409, 6272, 4254, 4939, 6829, 4692, 9050, 9297, 3537, 2642, 1044, 4816, 8822, 2235, 2954, 726, 8632, 3104, 8942, 3740, 6141, 7578, 215, 8577, 5202, 9055, 477, 2685, 771, 4729, 9544, 9081, 8138, 7844, 3133, 1835, 9671, 9291, 2636, 3874, 5735, 8183, 1606, 6236, 8766, 6305, 3283, 5737, 1565, 3160, 3430, 4200, 3568, 4110, 9875, 3424, 3666, 7242, 5964, 305, 8649, 606, 4056, 7287, 2012, 5188, 4844, 1972, 2798, 9008, 412, 4051, 105, 6893, 9999, 501, 6755, 3983, 8706, 9130, 9816, 5924, 7499, 9108, 5051, 4320, 7621, 3801, 6095, 8242, 3787, 6124, 6671, 8793, 2563, 232, 1739, 8613, 3216, 1488, 8083, 1248, 4223, 8904, 7735, 5400, 8248, 4128, 9913, 3355, 6187, 7607, 4077, 3781, 5424, 837, 6306, 1274, 8751, 6409, 5993, 7468, 5009, 1722, 8927, 5422, 4520, 2208, 5933, 6749, 3150, 8961, 7770, 2469, 6054, 5891, 1753, 6632, 2145, 7548, 2039, 1657, 3326, 2361, 6744, 7471, 9101, 8773, 6224, 5818, 3844, 1094, 6153, 5884, 3166, 4557, 5238, 957, 6610, 619, 5277, 6066, 1626, 8009, 6001, 6152, 4346, 9866, 8127, 878, 1437, 3056, 7849, 9660, 1442, 8418, 5952, 8595, 9059, 18, 7228, 8559, 6144, 2271, 6910, 8254, 9869, 2925, 8074, 1871, 2285, 7304, 6803, 8688, 9909, 5515, 6360, 3514, 328, 4226, 9524, 3698, 186, 2909, 505, 5947, 1373, 2924, 4522, 6343, 302, 2195, 7976, 6189, 4956, 2146, 3037, 1764, 1733, 5619, 7961, 5734, 9877, 4545, 5520, 6657, 2460, 375, 2422, 1959, 1655, 5565, 7166, 9731, 9418, 7798, 5677, 5979, 336, 6718, 9500, 7008, 2175, 9963, 337, 7088, 8887, 1116, 9534, 6543, 2474, 8846, 7197, 5155, 7260, 728, 2978, 2362, 6101, 9803, 7158, 2548, 4304, 6524, 1101, 1645, 4828, 9905, 1355, 480, 1823, 5022, 5567, 1011, 607, 9173, 6057, 6064, 4762, 9139, 922, 7386, 2069, 7675, 4341, 6332, 6784, 4646, 6881, 8552, 1735, 3238, 3377, 9332, 9426, 8403, 5854, 2135, 7437, 278, 100, 6098, 4523, 4009, 932, 2958, 113, 7089, 9880, 589, 7652, 2321, 6334, 6380, 7695, 6012, 4004, 1176, 5792, 3808, 2832, 9721, 5887, 1727, 1036, 7019, 2561, 7051, 1969, 2281, 5538, 684, 2455, 9729, 2468, 8586, 4623, 3028, 1199, 8555, 3660, 7108, 3086, 5490, 7905, 9056, 2323, 5425, 6712, 4840, 8243, 4172, 854, 7531, 4417, 8271, 424, 4220, 1928, 5983, 4211, 3806, 383, 6492, 4240, 5093, 9617, 8978, 8580, 7319, 4284, 7764, 2649, 9995, 926, 6806, 9885, 7180, 7170, 7899, 8843, 8880, 5616, 3127, 4039, 5622, 3412, 2760, 2348, 7996, 4835, 2881, 7991, 2441, 6263, 63, 3002, 4374, 1142, 7298, 5550, 8497, 5352, 6120, 5860, 7321, 72, 6995, 1646, 2327, 7813, 4060, 1585, 1098, 3731, 3155, 3268, 8255, 8114, 2101, 2887, 6840, 8018, 26, 2115, 573, 4, 272, 4419, 3501, 4619, 1281, 8592, 710, 7185, 8058, 5549, 7385, 6531, 3296, 6861, 5760, 6325, 24, 3916, 4049, 697, 7603, 6239, 1772, 3893, 7406, 7184, 9085, 3048, 7788, 1544, 4940, 5025, 1599, 764, 6112, 7784, 1114, 997, 4065, 9881, 5082, 2821, 8728, 39, 4340, 3294, 2165, 4592, 6061, 2437, 8848, 2867, 2292, 2315, 7545, 7322, 1897, 6654, 3624, 9492, 9931, 1283, 5469, 8618, 479, 7827, 371, 2876, 8862, 4524, 7357, 6013, 2406, 2962, 101, 899, 304, 8703, 905, 958, 5526, 333, 4408, 2328, 4648, 9309, 3470, 3074, 4274, 9030, 1617, 7611, 8732, 494, 5226, 8907, 521, 1801, 2811, 1078, 1840, 956, 136, 6981, 5670, 6609, 8303, 6484, 8827, 4851, 3858, 9088, 524, 4008, 7320, 7084, 2130, 7602, 3112, 6262, 5575, 8512, 3416, 8750, 8073, 8194, 8964, 9601, 7767, 6410, 3176, 56, 1547, 7949, 9562, 687, 1399, 9551, 7633, 5216, 8538, 9826, 1965, 3717, 3143, 1921, 5990, 5049, 9048, 8379, 5985, 3379, 8129, 6698, 1949, 6514, 30, 2694, 5905, 2486, 9376, 8267, 5837, 6916, 9948, 8804, 4502, 1566, 6014, 2757, 1167, 4416, 2006, 1653, 7916, 1950, 1539, 4643, 8463, 6367, 7748, 2476, 3573, 9714, 4052, 4877, 3132, 1575, 9347, 2913, 3779, 9698, 2633, 7876, 7885, 365, 1889, 1550, 4412, 9768, 4315, 8722, 6509, 9801, 8099, 9191, 6530, 3334, 1154, 2021, 9042, 2354, 4888, 1821, 5850, 6960, 872, 7009, 8668, 4123, 5835, 6444, 7217, 1815, 9493, 9413, 3643, 1432, 2320, 1329, 4099, 661, 9017, 4344, 3582, 145, 3729, 2077, 2762, 2534, 7952, 889, 8898, 7576, 2900, 5728, 504, 6684, 7819, 6258, 9086, 6987, 9700, 8484, 9312, 3697, 1970, 9467, 6519, 9611, 2459, 7687, 1738, 5953, 9899, 5203, 8221, 4431, 3956, 9364, 9741, 4641, 452, 3478, 8062, 4178, 2262, 6957, 1530, 9098, 6411, 1838, 787, 7709, 4423, 1573, 3657, 311, 6321, 3426, 4813, 8328, 5156, 6385, 7990, 791, 5234, 400, 8583, 3690, 597, 1713, 7081, 663, 9804, 9216, 7775, 5171, 9109, 1188, 7718, 4142, 343, 1519, 861, 2838, 9757, 5356, 519, 8206, 7927, 9525, 8005, 5586, 4839, 1869, 6420, 3699, 3969, 766, 3861, 6548, 8161, 9853, 897, 5984, 8645, 875, 5703, 1119, 7837, 5824, 3337, 7407, 7001, 6534, 5678, 1548, 8182, 9324, 3090, 2094, 9608, 150, 3362, 2929, 8334, 430, 6587, 1543, 3159, 8625, 2946, 7656, 4717, 3200, 4609, 5472, 2882, 8455, 6522, 1074, 4474, 2463, 4694, 5514, 7559, 5227, 7348, 3994, 6549, 6656, 2504, 4544, 9105, 9207, 9619, 7793, 7492, 9163, 8780, 5346, 3702, 4321, 3184, 5672, 5517, 8394, 2776, 2193, 8553, 379, 931, 5898, 8341, 3654, 2041, 8335, 4533, 2160, 6451, 4210, 8234, 7070, 3632, 8159, 8148, 1296, 3117, 5662, 5885, 4010, 4678, 2057, 5291, 8048, 9569, 3724, 4227, 4395, 4622, 2232, 1973, 4771, 7922, 9002, 2226, 593, 5136, 3857, 1588, 7191, 7446, 7636, 8061, 3062, 7864, 8845, 569, 5263, 2775, 7599, 2266, 9618, 4848, 7554, 4184, 7107, 2519, 8772, 8039, 4661, 7202, 5323, 4406, 8482, 20, 9907, 1893, 6316, 6041, 5584, 5343, 691, 9822, 8469, 7993, 9200, 9624, 4218, 7556, 8956, 3091, 9916, 249, 9365, 6523, 3163, 6091, 5633, 7218, 3876, 6470, 2314, 7484, 3923, 7103, 8179, 1049, 5053, 5916, 7693, 731, 470, 3051, 1265, 9285, 649, 4521, 4670, 8386, 8281, 2880, 7091, 8178, 4827, 3701, 1177, 3820, 355, 6149, 3646, 8799, 4814, 8809, 2791, 7805, 4923, 2658, 1004, 7674, 4174, 6768, 1589, 1580, 8090, 7250, 7824, 8167, 6767, 4132, 9791, 3009, 7143, 1385, 2801, 767, 2683, 2608, 274, 3764, 3419, 6111, 5244, 2580, 4640, 2250, 6586, 4946, 2336, 4906, 3425, 941, 6348, 6775, 2064, 89, 4271, 8315, 8352, 168, 5807, 9699, 7481, 2494, 5060, 5265, 6296, 683, 8854, 2796, 7822, 3822, 8024, 1916, 6220, 5457, 9012, 9096, 7871, 7361, 4715, 5292, 1372, 7568, 5631, 9632, 7312, 1581, 9910, 6746, 9054, 3411, 4154, 5836, 3251, 5925, 2996, 7950, 680, 2953, 6438, 5738, 2646, 4736, 1471, 5431, 6825, 2124, 3693, 7846, 575, 6525, 6185, 2277, 9651, 4402, 8104, 9814, 8760, 6664, 1259, 4892, 273, 6566, 786, 1290, 6142, 5114, 2385, 7110, 5102, 5355, 9943, 4440, 6317, 3524, 4192, 809, 1776, 9487, 8975, 6319, 3578, 9077, 9607, 7715, 2278, 7036, 5926, 8537, 4847, 5151, 3605, 546, 9164, 2025, 8506, 7506, 5574, 3429, 4824, 998, 3317, 8288, 7138, 1029, 4171, 4445, 9294, 6399, 9894, 999, 5712, 3331, 6178, 4092, 6794, 5973, 2334, 1267, 614, 8263, 3391, 3607, 9140, 2054, 3667, 2655, 7371, 263, 3440, 3392, 8551, 2452, 2622, 5154, 4209, 9340, 3175, 8011, 1482, 6337, 5597, 2578, 2473, 4073, 1563, 6602, 223, 2423, 7249, 3807, 6633, 8850, 7092, 4542, 9206, 9211, 1270, 8515, 3375, 8958, 9638, 6265, 3818, 5372, 5485, 5076, 7503, 1319, 4422, 4480, 7926, 2061, 2998, 8820, 782, 3741, 261, 9263, 9303, 8652, 5596, 6379, 8174, 5909, 4580, 8662, 6862, 2785, 7292, 8640, 1743, 3810, 8475, 2680, 1899, 1096, 5017, 7200, 4410, 2331, 6724, 7435, 7151, 1478, 9003, 9848, 335, 6900, 3945, 8311, 6822, 7987, 6952, 8919, 6728, 9289, 1981, 7807, 5181, 1438, 3570, 6251, 1159, 6405, 4986, 55, 3323, 6322, 761, 3948, 8459, 6046, 2564, 5122, 5280, 636, 5465, 5666, 3620, 3788, 2520, 6123, 9596, 1623, 460, 6824, 6388, 6184, 5029, 1540, 5113, 449, 1390, 4161, 2822, 7737, 2935, 4076, 4176, 3832, 9725, 1680, 5967, 7375, 5058, 2184, 8556, 3543, 8874, 1939, 8445, 4138, 1593, 9941, 2667, 8093, 5225, 300, 1173, 8641, 2220, 6703, 7966, 3649, 2112, 8931, 8598, 4270, 3914, 289, 5545, 3950, 4616, 7829, 5134, 4707, 1957, 9652, 461, 2072, 1820, 591, 5298, 7356, 9612, 4458, 9159, 6490, 1158, 1467, 8068, 2176, 747, 4289, 4107, 658, 5357, 9151, 4035, 4204, 4698, 8897, 2005, 3046, 3714, 2462, 5808, 2417, 846, 1218, 4401, 2751, 4883, 9906, 3899, 1982, 5164, 3219, 1233, 8508, 5748, 1125, 8305, 3380, 9750, 1172, 3521, 7139, 8810, 3004, 5119, 5300, 1396, 6886, 1596, 5172, 5641, 4262, 2295, 8884, 5959, 7207, 7059, 6429, 6626, 8296, 908, 1398, 3359, 6466, 1524, 7679, 7836, 7794, 9745, 7762, 3049, 6988, 3005, 5612, 41, 6923, 4789, 7747, 1629, 3213, 9986, 9849, 9439, 4561, 9552, 4955, 5000, 5604, 8473, 8605, 433, 9748, 3553, 80, 5893, 6414, 35, 4815, 4791, 9510, 1336, 178, 5994, 1746, 222, 755, 4352, 3257, 7294, 5753, 9535, 3007, 7741, 2705, 5689, 6965, 5416, 9024, 8925, 6729, 5108, 4552, 2324, 7122, 9743, 6689, 8419, 4151, 2839, 7963, 8713, 9663, 5587, 9537, 8762, 2716, 2180, 6147, 3248, 7960, 9070, 5714, 1577, 1056, 5706, 9118, 15, 6011, 4591, 8079, 3182, 5910, 3562, 1445, 4475, 4957, 9582, 2289, 3877, 3193, 2959, 3723, 2648, 4967, 1345, 8454, 9153, 5138, 6198, 4249, 3509, 7869, 1070, 1389, 6962, 7739, 3207, 407, 1913, 9600, 1055, 5218, 9058, 6108, 8136, 3474, 702, 8389, 1819, 9438, 8765, 1493, 7372, 9642, 8735, 8606, 2275, 5090, 1923, 373, 9591, 1186, 865, 4702, 9441, 7648, 3961, 1097, 1929, 6853, 7263, 8933, 7755, 2188, 3408, 3736, 2030, 9079, 3452, 6951, 3675, 935, 6708, 4825, 1985, 9939, 9028, 3630, 7582, 5039, 4742, 7136, 2659, 5094, 2759, 991, 552, 3993, 9547, 9597, 429, 5021, 6346, 6569, 401, 9305, 1012, 7005, 7422, 2723, 6736, 3851, 1412, 536, 5582, 4505, 3766, 7951, 705, 9237, 1231, 9402, 1051, 6716, 348, 426, 6709, 5033, 7622, 330, 5774, 5484, 3829, 3917, 5473, 3385, 9112, 2496, 7957, 768, 8357, 1757, 6730, 6658, 1844, 1904, 1632, 3692, 5163, 6713, 4668, 1987, 6873, 7940, 9390, 9734, 9502, 2141, 9914, 154, 421, 3270, 3339, 8657, 6371, 3124, 149, 4287, 3910, 4527, 9955, 4569, 3113, 4448, 7889, 4471, 8214, 2410, 8602, 2986, 7265, 9713, 1161, 6847, 6926, 5326, 9764, 7684, 3855, 9555, 2841, 7707, 50, 8525, 937, 9974, 469, 395, 7632, 9957, 2639, 468, 7106, 502, 6563, 7835, 6815, 4300, 3710, 9071, 7438, 9772, 420, 732, 6458, 7340, 8427, 5070, 3481, 3569, 9998, 5369, 3244, 2052, 1639, 4842, 2629, 4082, 5801, 3232, 8499, 4969, 7364, 6342, 451, 3344, 5590, 8530, 3865, 662, 5330, 9846, 2805, 6137, 6929, 2566, 5856, 1436, 7833, 4335, 2445, 2269, 2626, 7714, 4030, 7536, 2230, 7004, 1462, 2287, 8293, 5209, 5067, 5133, 8098, 4709, 3516, 7204, 4997, 7670, 7939, 9014, 1076, 9727, 6760, 299, 2291, 1220, 5075, 8764, 9051, 46, 6754, 952, 3663, 4452, 437, 3189, 588, 5137, 2968, 1223, 8260, 9992, 9128, 8208, 9807, 3043, 6047, 6158, 7286, 220, 1007, 669, 3364, 9653, 6255, 6132, 4380, 8744, 3461, 630, 1789, 7546, 7719, 5745, 9835, 5606, 7552, 555, 7266, 2481, 4398, 6129, 7574, 4758, 7205, 8017, 4785, 3921, 4935, 7851, 2, 5918, 3962, 5937, 4578, 1178, 5669, 1702, 6231, 4265, 748, 6717, 6539, 8433, 703, 8213, 8619, 6904, 5583, 431, 8939, 4251, 4836, 907, 3325, 9977, 1194, 9501, 1707, 839, 2506, 4481, 8681, 5770, 6340, 4189, 5608, 7754, 8149, 8835, 7704, 7162, 9235, 7493, 5470, 9515, 9965, 4470, 2975, 455, 9937, 6627, 4225, 5432, 2582, 7448, 5328, 1492, 1225, 5233, 4660, 8350, 9386, 9556, 5931, 9037, 4190, 652, 3173, 9491, 8928, 7698, 984, 5308, 3913, 7227, 4330, 6027, 1322, 7816, 5375, 8635, 3884, 2228, 8477, 2178, 7651, 2247, 9317, 8503, 9517, 8502, 6508, 1420, 1877, 1898, 2189, 9950, 1139, 2956, 3929, 9529, 9856, 4214, 4152, 8325, 8579, 385, 8826, 7383, 6032, 887, 4797, 1300, 4472, 2419, 3971, 9665, 4803, 6298, 8962, 4526, 7733, 7641, 9442, 5418, 5852, 7766, 1426, 6465, 4531, 6805, 8639, 4902, 9533, 7140, 8622, 5763, 1425, 4433, 7721, 4118, 5617, 7930, 9436, 8203, 8617, 8885, 3405, 8191, 5838, 1773, 7566, 8974, 5578, 5088, 5715, 6515, 8204, 5252, 815, 3627, 775, 5032, 3011, 5321, 3148, 3453, 7535, 3599, 9476, 1673, 1948, 265, 6331, 3775, 2309, 5299, 1960, 7655, 61, 9011, 8371, 9346, 5112, 6665, 9288, 5327, 1216, 3454, 7567, 3293, 4621, 8002, 3466, 5054, 6253, 1321, 5566, 8644, 7710, 6362, 8160, 7440, 5659, 4594, 5287, 4770, 414, 5339, 3069, 3401, 9045, 6505, 8965, 7716, 8201, 7458, 874, 5900, 883, 9100, 122, 5491, 9239, 6518, 3870, 6453, 6783, 1179, 94, 6857, 1054, 551, 5284, 5844, 6494, 1666, 5754, 5294, 484, 873, 1783, 8199, 962, 7297, 4404, 3684, 9929, 6006, 6204, 3194, 4934, 342, 3286, 3310, 5895, 5692, 4961, 5724, 4216, 9171, 9488, 9477, 256, 7802, 7729, 6217, 2107, 5919, 5030, 4093, 5042, 8266, 1334, 2937, 4314, 9238, 5805, 9217, 5453, 7080, 4703, 3927, 4221, 5170, 7253, 4919, 2889, 7617, 940, 6954, 5927, 6694, 9187, 9874, 380, 2766, 8147, 9067, 5092, 7832, 9639, 857, 3303, 3967, 4807, 1862, 4002, 5965, 2877, 8946, 8156, 6109, 3475, 3438, 8610, 5273, 985, 6252, 7041, 9587, 6154, 5290, 7701, 628, 6250, 812, 3813, 4236, 6284, 7358, 3905, 6050, 7309, 9898, 1001, 2894, 946, 5194, 5044, 8365, 9293, 9744, 1072, 8200, 8382, 1433, 9371, 3625, 602, 454, 8667, 1703, 5089, 3500, 3669, 7498, 7945, 7114, 6541, 3722, 7032, 8264, 9225, 2273, 5401, 3054, 954, 8051, 953, 6202, 3882, 3502, 6683, 2897, 2120, 3183, 5435, 4695, 384, 4516, 9036, 450, 9964, 8876, 212, 9268, 3887, 1809, 8890, 1991, 9310, 3246, 9123, 9752, 9553, 8600, 7145, 8989, 8585, 3191, 4675, 5390, 8724, 2833, 3765, 1251, 2592, 667, 2758, 1594, 1197, 8391, 6352, 1768, 5812, 7647, 7919, 6100, 4201, 516, 7199, 2508, 6304, 1794, 5796, 9388, 8842, 4420, 5166, 3321, 6467, 7464, 4165, 9844, 9924, 1511, 5378, 2070, 4490, 3235, 9290, 4989, 9250, 3220, 2554, 4663, 807, 9157, 942, 6570, 9942, 1570, 5795, 8505, 4068, 2572, 3683, 2602, 4170, 5399, 1980, 1386, 1633, 1446, 8092, 4046, 4438, 1091, 1132, 9684, 1441, 6894, 6823, 4429, 9523, 6335, 4160, 4887, 6168, 8491, 9119, 5421, 5462, 561, 3125, 2786, 8319, 7501, 645, 5091, 9095, 7389, 2701, 5847, 288, 9934, 8332, 948, 4466, 9331, 8270, 4029, 7047, 750, 8712, 66, 5189, 1852, 4012, 6652, 3070, 71, 9940, 446, 5809, 853, 6872, 6564, 3592, 7069, 9460, 7912, 7797, 5185, 689, 5598, 9333, 1440, 3743, 4345, 1828, 1126, 2409, 8280, 6773, 5537, 3215, 6454, 48, 4793, 9589, 2342, 6556, 8236, 4126, 3263, 97, 7547, 2672, 4528, 9883, 2453, 9946, 9947, 1052, 1382, 75, 5240, 7673, 3886, 4983, 7616, 4310, 9314, 2288, 9362, 3591, 7619, 885, 6400, 5674, 3245, 6289, 9272, 7275, 6382, 5035, 1113, 9759, 2106, 3980, 3328, 6778, 4650, 5814, 9124, 4023, 7362, 9061, 4072, 1017, 4913, 3584, 4253, 4146, 181, 6604, 4131, 2311, 517, 9918, 1878, 9817, 5525, 5997, 1406, 4756, 9691, 2133, 3471, 6711, 6842, 6889, 4538, 2017, 3042, 7843, 2950, 9202, 722, 8453, 1465, 1183, 4244, 3946, 9811, 3333, 6234, 7590, 850, 4449, 5576, 9122, 1170, 1397, 3386, 7061, 4795, 2478, 2922, 7099, 9893, 9223, 8057, 9967, 4529, 3525, 4272, 9613, 9241, 9448, 6793, 2211, 2820, 9264, 3332, 2398, 992, 5561, 1952, 133, 4767, 8304, 2527, 4507, 1309, 3673, 3053, 7214, 8464, 8162, 7306, 1885, 7482, 6264, 8676, 7610, 9104, 4083, 3277, 5116, 7726, 4808, 1944, 4620, 4611, 8301, 8309, 7327, 3188, 8078, 6, 8748, 4953, 8097, 432, 5815, 3848, 9802, 5374, 7430, 2435, 8564, 6225, 8859, 5040, 5853, 6998, 2424, 4155, 5045, 389, 6452, 2993, 9980, 7039, 1719, 4942, 1510, 6195, 67, 1458, 7514, 9373, 5569, 8385, 1063, 6413, 9335, 7758, 2360, 3236, 4976, 6498, 6752, 5790, 7809, 8150, 7550, 688, 3076, 5732, 5558, 1421, 4399, 2282, 882, 8297, 7258, 9428, 7259, 1941, 4600, 9758, 284, 6864, 3863, 361, 7098, 2846, 3648, 7424, 4014, 1088, 252, 8237, 4229, 9145, 5638, 5257, 9463, 5282, 6427, 5177, 6355, 8969, 7790, 7469, 204, 7708, 2399, 3269, 6155, 4541, 3973, 7079, 1520, 1358, 5906, 7313, 4250, 1189, 1762, 137, 32, 2535, 7597, 659, 9706, 3370, 4896, 2485, 7189, 2097, 6287, 8215, 9234, 6372, 9689, 8941, 2875, 4048, 326, 4664, 9578, 9134, 4879, 8914, 7366, 6406, 9383, 2457, 2817, 8578, 951, 712, 3284, 367, 6445, 4465, 6456, 5393, 4662, 4749, 3828, 5420, 2418, 1723, 6571, 3382, 2940, 2797, 106, 7487, 3762, 5270, 5127, 5141, 3512, 5096, 6357, 1685, 7847, 8031, 6595, 1211, 779, 6511, 2681, 3436, 7911, 6163, 9503, 8521, 3869, 1755, 4513, 5577, 4038, 2944, 4568, 6145, 2134, 3618, 6692, 8037, 7908, 9541, 4894, 1664, 9040, 8819, 8330, 4980, 6583, 171, 427, 6473, 780, 3067, 8771, 7953, 188, 9574, 42, 4203, 3966, 6614, 7806, 3106, 1830, 7052, 8953, 4748, 81, 475, 5436, 9951, 7133, 890, 7390, 9782, 7346, 5311, 9449, 4525, 2828, 5159, 1853, 2489, 2086, 9395, 3789, 5637, 8873, 6212, 7999, 1365, 7125, 8852, 5894, 5823, 9921, 4722, 4924, 5661, 5709, 7461, 6844, 1826, 1330, 4822, 1745, 4905, 2873, 4547, 165, 132, 3231, 7182, 7478, 2845, 963, 7048, 8844, 2664, 3029, 1608, 7553, 119, 8283, 2243, 2951, 5690, 4040, 8565, 8096, 6674, 3080, 3252, 359, 8172, 2850, 1083, 5676, 9747, 9621, 1103, 4818, 3129, 1968, 2104, 9052, 4451, 1192, 4090, 5882, 21, 9760, 9099, 6830, 2051, 7193, 4122, 8056, 267, 6966, 545, 6374, 631, 3167, 3456, 69, 2201, 8701, 2912, 5897, 665, 5268, 642, 1035, 7823, 6616, 3315, 2537, 3902, 2725, 2298, 7573, 8095, 9415, 9778, 6843, 95, 8837, 626, 7206, 4772, 8065, 618, 8838, 1752, 9072, 7378, 3593, 6599, 5886, 8337, 5629, 3687, 9765, 9781, 601, 5405, 1424, 7604, 4062, 1554, 7917, 816, 3776, 6320, 9339, 6186, 1198, 2403, 4086, 8796, 3142, 8647, 8050, 3084, 6073, 5312, 1715, 9242, 2286, 9307, 9592, 799, 7667, 7988, 617, 9762, 9276, 3417, 5668, 3949, 3368, 2709, 2078, 9384, 5414, 6323, 2118, 3458, 9381, 3366, 8084, 6678, 2739, 4167, 5222, 1908, 1909, 8278, 8902, 5396, 1997, 5147, 9908, 2710, 1788, 9631, 2383, 6880, 6361, 6043, 2677, 7127, 6092, 1118, 3908, 9019, 5776, 4297, 8669, 4607, 5543, 138, 8376, 5442, 2849, 5932, 762, 4299, 5412, 1967, 4635, 1418, 8232, 5602, 2614, 5274, 3748, 4437, 609, 6188, 3791, 2080, 1224, 1104, 4234, 8895, 6084, 4435, 5878, 7593, 4914, 1150, 509, 269, 5529, 5003, 9720, 360, 2335, 3423, 6798, 6846, 1108, 2514, 4337, 4858, 9554, 2009, 4217, 4679, 3146, 1998, 6841, 7165, 9399, 1863, 6499, 3433, 6121, 8677, 6076, 7244, 3576, 613, 4351, 7480, 8312, 6990, 8663, 7076, 7791, 4540, 472, 4075, 547, 422, 527, 5057, 5643, 2907, 2387, 7141, 2552, 1207, 5826, 8719, 2931, 833, 8807, 2637, 3480, 3171, 7134, 9320, 1832, 7278, 6051, 8986, 8982, 5938, 9227, 5970, 1320, 5349, 1766, 8128, 5046, 5816, 4425, 7115, 3567, 3566, 4134, 9664, 3526, 646, 9330, 1816, 5635, 9311, 8410, 1797, 6200, 166, 6443, 5624, 8707, 7725, 3217, 4676, 1073, 7288, 9466, 4230, 1706, 8950, 3860, 2234, 7168, 2305, 4222, 6801, 5568, 685, 2258, 4059, 372, 466, 3601, 2079, 7442, 7853, 5951, 3158, 6720, 2071, 6053, 8690, 2068, 3534, 8424, 196, 9322, 2574, 3279, 458, 465, 227, 8947, 8786, 2826, 2976, 5786, 7382, 5720, 532, 3022, 2450, 7281, 116, 4141, 9766, 2847, 7013, 3515, 2238, 4605, 8044, 4901, 5013, 2259, 5504, 2091, 9926, 7722, 486, 2810, 4687, 1787, 9379, 7519, 5989, 8612, 2187, 3449, 3140, 9635, 7659, 9987, 1906, 9828, 4391, 8542, 7749, 7592, 3581, 6030, 5419, 2868, 143, 1447, 8316, 322, 7387, 5701, 5192, 8675, 693, 3773, 3369, 1811, 1050, 3265, 9220, 3237, 7413, 3696, 1423, 752, 676, 4088, 5673, 4031, 2656, 5266, 3308, 6311, 88, 5329, 3704, 6622, 6812, 9010, 533, 2989, 2679, 7998, 4904, 8951, 7419, 7886, 3707, 7225, 9576, 6753, 9053, 7705, 5861, 6007, 8192, 2842, 4390, 1472, 4645, 4567, 7063, 6307, 9806, 2908, 5870, 4187, 6424, 2493, 4329, 1343, 828, 6136, 2037, 7029, 4873, 1861, 1984, 2830, 8131, 9842, 5978, 5492, 3999, 5855, 3936, 7682, 7665, 6067, 9878, 2712, 1635, 1136, 6246, 9922, 6836, 4947, 8833, 5056, 8010, 3361, 3935, 7796, 5483, 8906, 4950, 3977, 1532, 1964, 2972, 8517, 6831, 7888, 2299, 9625, 989, 5139, 112, 3287, 7736, 4837, 2339, 6237, 7229, 7759, 5325, 3224, 1087, 9233, 1241, 677, 4624, 7290, 801, 1601, 9702, 2678, 1790, 7561, 1376, 6817, 9080, 7289, 7781, 9982, 2004, 6093, 6974, 4833, 439, 3264, 7354, 4055, 4454, 7711, 4841, 7947, 4069, 3794, 6377, 3839, 3107, 8359, 5999, 4427, 3805, 845, 2577, 1624, 7731, 259, 7037, 483, 6788, 9180, 8060, 3712, 5341, 4658, 5428, 4482, 8493, 3868, 7542, 1857, 9812, 8437, 1744, 173, 2099, 1431, 9852, 5718, 7854, 4291, 53, 6428, 4113, 6083, 9129, 1400, 8883, 2682, 6540, 8738, 7466, 8362, 9656, 5123, 4215, 1316, 2192, 3782, 473, 8123, 1756, 4731, 3892, 6059, 4832, 3555, 7439, 2927, 5655, 2329, 7958, 1661, 4363, 1922, 3387, 9530, 8458, 4570, 2997, 3700, 733, 5570, 3767, 199, 746, 1859, 1042, 3944, 6828, 4869, 1143, 7857, 5746, 70, 1408, 1470, 7006, 1690, 5858, 3759, 5458, 78, 5101, 8624, 2058, 4537, 1350, 4723, 6278, 9675, 7049, 6394, 7111, 4424, 1110, 9661, 7532, 9107, 3218, 8665, 9138, 8349, 6293, 1062, 3888, 1461, 5556, 6116, 495, 1468, 8071, 5409, 2965, 9506, 5923, 4911, 3641, 8468, 279, 4903, 2143, 8674, 2198, 9057, 1403, 2204, 5599, 8599, 7872, 6601, 2690, 4197, 2400, 4421, 8446, 6938, 4369, 9643, 9505, 1609, 4333, 1731, 9708, 6899, 955, 869, 8535, 7825, 3799, 7483, 5653, 5559, 6624, 5510, 4036, 9154, 7496, 9504, 5868, 5866, 1374, 6958, 1559, 1507, 5055, 2815, 6273, 2465, 108, 7870, 8529, 1688, 2615, 9018, 7838, 7699, 1185, 8197, 729, 5264, 5614, 8740, 8435, 3558, 3981, 3439, 4488, 6045, 6176, 8177, 317, 4890, 2421, 9730, 6612, 1214, 6701, 3187, 287, 8687, 9374, 139, 4485, 804, 5528, 7276, 9888, 8550, 1568, 5615, 6128, 3291, 3926, 4959, 9738, 4740, 6578, 8046, 7164, 4273, 1630, 3094, 8144, 5665, 4893, 8452, 7594, 6020, 4874, 3118, 1491, 2605, 9961, 2695, 4727, 2216, 583, 6826, 8109, 3756, 4773, 7967, 1122, 6418, 5444, 9688, 540, 6871, 2799, 2045, 5047, 8443, 2172, 9531, 1404, 1641, 8959, 5634, 4583, 1459, 2020, 378, 8112, 6750, 2769, 8601, 1881, 6486, 9959, 8995, 8800, 2595, 4884, 6110, 4430, 9564, 507, 612, 356, 1992, 2103, 8331, 7887, 535, 8802, 3340, 919, 1879, 1388, 9106, 7235, 1777, 3109, 4491, 8495, 6986, 1872, 5831, 1081, 6299, 824, 2501, 994, 7839, 8787, 9214, 5995, 8225, 2428, 5283, 4823, 2696, 8373, 1818, 6103, 1560, 4654, 1541, 7402, 6259, 7643, 4753, 2015, 2337, 6973, 5342, 7326, 7902, 3102, 1670, 1896, 5480, 5778, 6131, 213, 9667, 7233, 7017, 8012, 9355, 425, 600, 98, 2818, 6303, 1876, 7830, 8899, 456, 8581, 312, 2174, 8568, 6878, 8900, 549, 6848, 9655, 3664, 3939, 2158, 3658, 1538, 7332, 3202, 9161, 9423, 1817, 5917, 6028, 6191, 2149, 218, 4246, 3937, 7392, 9966, 8275, 8576, 2708, 1120, 8441, 229, 4182, 947, 7808, 8798, 5395, 7982, 1417, 4260, 3691, 9659, 5820, 1489, 2903, 7400, 2756, 2991, 3556, 8139, 4853, 6765, 6208, 5098, 7812, 1669, 8440, 9886, 1151, 6436, 1130, 8823, 8801, 5024, 1983, 7629, 3604, 6504, 5494, 2627, 8841, 5241, 604, 700, 8259, 4564, 8244, 1845, 3141, 8170, 9405, 2475, 1363, 2515, 3837, 2824, 2540, 1069, 3111, 2065, 8858, 2780, 4306, 77, 4343, 8019, 4179, 4845, 8558, 4441, 4608, 3406, 7198, 3580, 91, 5825, 7044, 7077, 3519, 1848, 1487, 1093, 1311, 2977, 6762, 2260, 4571, 10, 6513, 9132, 4716, 8536, 8614, 2692, 1665, 3201, 9357, 5297, 7342, 1975, 1542, 9958, 3280, 719, 7518, 3151, 8238, 9829, 8987, 6347, 8239, 7538, 5694, 8392, 5945, 7433, 1146, 2301, 131, 3738, 1469, 9978, 2011, 6500, 5243, 5115, 6115, 6170, 2312, 8272, 1160, 904, 5830, 5699, 8743, 8896, 485, 6967, 8782, 9352, 7271, 1460, 4393, 1990, 65, 5065, 1439, 59, 5605, 7369, 3546, 3816, 2902, 9755, 9337, 9025, 4550, 4411, 2547, 8299, 9539, 868, 3728, 9039, 4319, 8715, 8603, 3671, 2730, 9808, 7062, 4198, 4442, 5713, 672, 9594, 3256, 1557, 2300, 3721, 5794, 5817, 3485, 7192, 4295, 4766, 2665, 7874, 3208, 4202, 7803, 1326, 5007, 9001, 679, 7526, 8878, 5873, 3347, 243, 1444, 9818, 8691, 7760, 3938, 3727, 482, 7571, 3092, 8685, 6119, 3608, 5219, 9074, 1293, 3626, 5686, 7507, 8769, 3443, 7494, 9451, 5320, 7035, 3850, 6070, 4455, 9603, 4392, 5250, 4196, 8926, 5907, 5452, 3930, 7421, 6597, 7467, 1659, 7428, 6661, 7219, 2353, 7323, 1553, 860, 1868, 3853, 1227, 8739, 2297, 2272, 6771, 7860, 5877, 3826, 7100, 5789, 2764, 5872, 6638, 6281, 3394, 5859, 5645, 6707, 1038, 830, 2643, 2532, 9800, 8543, 7011, 2510, 4743, 3586, 2597, 1254, 514, 3883, 2621, 96, 6835, 2768, 6909, 1026, 1327, 1864, 945, 8714, 1583, 3798, 9149, 8723, 340, 1526, 6062, 1246, 9825, 1393, 9519, 3594, 3595, 9270, 3459, 6167, 9231, 7337, 6605, 8432, 9520, 275, 5140, 6483, 7591, 7915, 7073, 8466, 459, 234, 8867, 9770, 9593, 6079, 3302, 2653, 134, 5684, 6797, 9212, 6669, 3518, 1514, 8991, 1477, 2050, 2895, 9280, 324, 5874, 8388, 297, 5949, 7730, 9360, 2164, 392, 1474, 2014, 254, 3878, 7995, 1619, 7167, 5157, 5527, 6685, 7201, 6580, 8401, 1824, 163, 2707, 3678, 1268, 167, 814, 8032, 7154, 9031, 3373, 2714, 9683, 9457, 1335, 1988, 1804, 7231, 8110, 6314, 2367, 1979, 1013, 3170, 5451, 9198, 9420, 1235, 6565, 1508, 8932, 8125, 7194, 4365, 8372, 3353, 9871, 2553, 214, 1279, 4728, 4674, 3676, 2239, 894, 4704, 2467, 3508, 428, 9692, 7971, 3164, 6036, 5729, 7862, 7661, 4067, 6936, 3254, 9406, 5981, 1725, 7040, 5305, 6338, 7273, 3147, 6206, 9681, 3128, 6554, 8490, 396, 8029, 1333, 5595, 7676, 2442, 6254, 8333, 1249, 4558, 2834, 3376, 8905, 6937, 4705, 7620, 9155, 175, 2915, 9571, 3991, 3833, 1325, 808, 3149, 5743, 3006, 9121, 2401, 798, 7688, 8966, 8943, 8181, 7500, 880, 3941, 6487, 7686, 2092, 2261, 3713, 512, 2340, 8428, 4064, 6943, 8650, 587, 7583, 6071, 6000, 2386, 9257, 6914, 8336, 9513, 6341, 7269, 7941, 9972, 5331, 8211, 436, 2625, 5081, 2589, 7104, 4784, 3796, 4180, 8984, 8888, 7850, 2390, 2074, 3249, 1663, 6521, 5176, 2914, 9805, 7345, 4745, 115, 6211, 3071, 7727, 1860, 2397, 2599, 9393, 1749, 8273, 8627, 5069, 539, 1774, 1780, 4982, 9494, 4169, 9779, 6596, 3889, 6776, 3351, 114, 1918, 7690, 6907, 4159, 7804, 2449, 5600, 707, 4801, 4794, 58, 155, 7920, 5027, 528, 6690, 180, 6214, 4973, 2720, 3134, 9857, 5530, 8228, 6758, 6651, 541, 983, 8616, 4327, 7516, 6477, 9834, 6275, 9396, 3774, 6502, 8193, 6890, 5961, 2565, 4357, 7875, 2831, 7811, 4089, 1278, 5255, 5037, 1261, 1785, 1962, 4799, 2581, 8269, 2763, 1894, 9470, 5541, 4061, 7505, 1288, 803, 8124, 2777, 8393, 8509, 1971, 3020, 8814, 182, 1642, 1882, 4889, 3843, 1927, 1413, 8729, 6403, 8231, 7085, 3854, 6017, 142, 6818, 9862, 735, 3356, 8916, 2083, 1736, 47, 4373, 6113, 2618, 1282, 2524, 4276, 5106, 8752, 9252, 5968, 5946, 6670, 3545, 513, 1053, 4838, 2836, 9522, 4255, 1134, 7203, 4447, 1658, 4149, 1552, 3274, 6799, 8759, 5335, 5552, 6702, 2888, 5502, 5482, 7186, 8406, 87, 3490, 8749, 1499, 8990, 7948, 3821, 6985, 5976, 3951, 3019, 264, 9693, 1778, 5982, 8788, 3628, 1732, 627, 6790, 701, 8434, 6994, 6315, 1377, 4981, 1627, 8485, 6373, 4652, 3609, 3209, 9192, 3295, 4574, 2318, 1569, 1272, 8832, 6731, 6457, 884, 6545, 6401, 4995, 508, 2753, 7473, 5702, 7515, 5588, 5309, 5262, 2999, 3824, 6469, 4673, 4386, 6537, 916, 5198, 4508, 5373, 7181, 5750, 1230, 9870, 7268, 5975, 3849, 7416, 670, 3768, 9636, 6892, 1109, 3817, 6869, 2610, 5448, 280, 3681, 5388, 2560, 8830, 2060, 1974, 7779, 4463, 5353, 8494, 9538, 8189, 9349, 3126, 8562, 1555, 7489, 3371, 8847, 8384, 5593, 7128, 9855, 694, 1252, 6997, 8247, 1165, 2255, 7795, 6134, 1839, 1999, 1016, 938, 3549, 6655, 5683, 4143, 8448, 9176, 6164, 1836, 2794, 5876, 2628, 8460, 3463, 2886, 6759, 5324, 238, 7540, 7376, 800, 1269, 9481, 6934, 4066, 8415, 3058, 5459, 531, 4281, 4535, 1239, 9162, 51, 8716, 4000, 7817, 616, 4577, 1961, 5267, 1258, 5315, 2236, 7030, 8130, 923, 2984, 1699, 5744, 4495, 8396, 1829, 1527, 4372, 6963, 5904, 7105, 2855, 7050, 9135, 9013, 7414, 2866, 2108, 841, 2961, 2738, 1123, 6772, 7314, 5359, 5179, 1359, 6621, 5691, 740, 9210, 4115, 9580, 8731, 1910, 5059, 8171, 6395, 8791, 2604, 5741};
		int[]res=quicksort(x,0,x.length-1);
		System.out.println(Arrays.toString(res));
			}
				}	
